-1.1625 -0.0182 1.3558 0.2989 -1.4227 1.4831 0.0684
-1.1525 -0.0585 1.1877 0.3018 -1.2505 1.4733 0.0666
-1.1425 -0.0858 1.0698 0.3054 -1.1299 1.4661 0.0648
-1.1325 -0.1071 0.9742 0.3092 -1.0323 1.4600 0.0628
-1.1224 -0.1248 0.8917 0.3128 -0.9485 1.4546 0.0606
-1.1124 -0.1399 0.8182 0.3162 -0.8741 1.4498 0.0581
-1.1024 -0.1529 0.7512 0.3194 -0.8064 1.4454 0.0554
-1.0924 -0.1644 0.6892 0.3224 -0.7439 1.4414 0.0526
-1.0824 -0.1745 0.6310 0.3251 -0.6855 1.4377 0.0495
-1.0724 -0.1835 0.5760 0.3277 -0.6305 1.4343 0.0464
-1.0624 -0.1914 0.5235 0.3300 -0.5780 1.4312 0.0430
-1.0523 -0.1985 0.4732 0.3321 -0.5279 1.4284 0.0396
-1.0423 -0.2047 0.4246 0.3340 -0.4795 1.4258 0.0360
-1.0323 0.0854 1.8253 0.0078 1.2611 -1.4361 3.0573
-1.0223 0.1034 2.0434 0.0002 1.0434 -1.4164 3.0611
-1.0123 0.1153 2.2173 -0.0056 0.8696 -1.4014 3.0673
-1.0023 0.1241 2.3727 -0.0102 0.7141 -1.3890 3.0754
-0.9923 0.1307 2.5184 -0.0140 0.5681 -1.3789 3.0850
-0.9822 0.1356 2.6586 -0.0170 0.4272 -1.3709 3.0958
-0.9722 0.1392 2.7955 -0.0192 0.2895 -1.3650 3.1077
-0.9622 0.1416 2.9304 -0.0206 0.1536 -1.3613 3.1203
-0.9522 -0.2311 0.0305 0.3422 -0.0904 1.4134 0.0008
-0.9422 -0.2312 -0.0113 0.3421 -0.0493 1.4131 -0.0033
-0.9322 -0.2307 -0.0532 0.3419 -0.0081 1.4131 -0.0075
-0.9222 -0.2297 -0.0952 0.3415 0.0331 1.4133 -0.0116
-0.9121 -0.2282 -0.1374 0.3409 0.0748 1.4137 -0.0157
-0.9021 -0.2261 -0.1801 0.3402 0.1168 1.4144 -0.0198
-0.8921 -0.2234 -0.2232 0.3392 0.1595 1.4152 -0.0239
-0.8821 -0.2202 -0.2671 0.3380 0.2028 1.4163 -0.0279
-0.8721 -0.2163 -0.3117 0.3367 0.2469 1.4177 -0.0320
-0.8621 -0.2117 -0.3573 0.3351 0.2921 1.4192 -0.0359
-0.8521 -0.2065 -0.4040 0.3334 0.3385 1.4211 -0.0398
-0.8420 -0.2005 -0.4522 0.3314 0.3864 1.4231 -0.0436
-0.8320 -0.1938 -0.5021 0.3293 0.4361 1.4255 -0.0474
-0.8220 -0.1861 -0.5539 0.3269 0.4879 1.4281 -0.0511
-0.8120 -0.1775 -0.6082 0.3243 0.5422 1.4310 -0.0546
-0.8020 -0.1678 -0.6655 0.3215 0.5998 1.4343 -0.0581
-0.7920 -0.1568 -0.7264 0.3184 0.6612 1.4378 -0.0614
-0.7820 -0.1442 -0.7919 0.3151 0.7272 1.4418 -0.0645
-0.7719 -0.1299 -0.8635 0.3116 0.7998 1.4461 -0.0676
-0.7619 -0.1131 -0.9431 0.3079 0.8807 1.4510 -0.0704
-0.7519 -0.0930 -1.0345 0.3040 0.9738 1.4565 -0.0731
-0.7419 -0.0680 -1.1445 0.3001 1.0864 1.4629 -0.0757
-0.7319 -0.0333 -1.2918 0.2966 1.2375 1.4713 -0.0783
